997256999
800000028
800000079
800000026
800000006
800000045
800000018
800000039
800000017
800000064
800000048
800000047
800000001
800000005
800000027
800000096
800000061
800000031
725000736
7250400
725000369
7250370
7250381
725002480
725000490
725000722
725000723
725019006
725000335
725000732
997251003
725003900
725004270
725000030
725000269
725000440
725000652
725000667
725000763
725000970
725000996
725001137
725009500
725019072
725019329
725007800
725005100
997251004
7250450
725007600
725000823
997251002
725000027
725002400
7250231
701006337
725000721
725001793
725003850
725000450



725000714
725002360
725000420
636015175
725000470
725000607
725000638
725000695
725002410
725004430
725000878
725012800
354565000
725000297
725000909
477829600
272645000
7250390
725000606
725000787
725001133
725018300
538002828
7010028
725015400
725000205
725000794
725012200
800000004
477998500
725001250
725000570
725001120
310576000
725000925
725000410
477832800
367420170
259997000
725000690
701006335
367416890
367060190
725000850
725004420
725003220
725003760
366606000
367138370
367066970
367309360
725003670
366995010
725000776
725005800
338071038
725000877
725004260
725000747
357138380
725000715
576497000
366972620
366982390
725000822
997251093
997251094
997251099
997251095
997251096
997251097
997251098
370117000
725001180
367008740
725000818
725000657
371005000
725010191
701006338
725001035
725000028
701000880
367309710
725000748
367148660
725000317
725000193
725000394
725019600
367350070
997251005
701006339
725000995
725001143
367055260
377193000
725000636
566126000
338128443
477533000
352301000
367007920
636012690
1239468
441868000
368826000
338124777
538004410
369565000
369901000
373298000
338138014
725003170
235086622
367221000
338157294
303165000
367845000
367309120
367119160
338070129
725000801
725004350
725009600
367309860
725004140
367015060
338092776
800000033
373344000
367482320
477996500
311000119
725017800
725000927
725001690
373320000
366933870
367056982
7010011
725000669
366751340
257118000
800000037
725010010
371096000
240311000
725000795
636092314
725009300
367133450
725001139
7250235
725001036
376404000
366994450
701101000
305729000
725005560
413072000
538003949
725001900
725004230
725000906
367338850
269059000
725019210
220373000
725000888
800000069
305026000
725019340
725000924
235062848
338353000
338124752
725017900
725002200
373125000
725000275
725018100
345110012
3450310
345010009
345160700
345030041
345070308
345010028
345070014
345070118
345010502
345010027
345030077
345140400
5001073
345030055
345010012
345160005
367336760
345030067
701006266
701006365
345140005
701006308
701006401
735057544
725000802
247257400
701006277
327809000
710999900
710003710
800000072
710000391
352317000
701006393
710000150
701006430
710012550
701027000
701006240
701000838
366814520
645138000
725000882
247237400
477675000
710000662
701006070
701006423
701006225
755003000
997251921
345000000
725000332
710123456
701006247
255804790
538001980
701006363
701006261
701006117
538004271
725019310
701546000
701006227
701006230
701006239
701000860
371258000
701006161
701006249
413375390
304681000
710006260
710999934
311050100
636014937
636008364
636009395
253084529
755999756
7010016
353520000
770576271
636011812
357492000
305592000
209154000
701000757
710999996
701802000
7010021
576834000
710012560
247301800
354846000
257434000
345010501
352470000
354446000
701006355
338765000
310599000
538003593
351279000
309864000
247646000
309493000
352897000
710999111
710000286
701006092
538002120
7010001
997256901
636012995
701006257
235060176
244325000
725000926
352102000
701000654
356966000
533696000
209981000
538001932
235070215
351281000
355226000
355677000
209604000
710005570
710000840
701006100
370076000
701000934
353903000
371347000
210139000
258728000
366924840
257974000
701006242
338664000
538001905
258847000
538002370
258335000
701547000
710003750
353782000
257286000
701006096
725001123
710003680
7010020
7010036
636008376
353398000
701000800
419000163
636011837
701006289
257283000
770576223
257158000
576899000
636013537
563576000
311041200
701006283
209081000
636014212
710001190
701006132
701006462
538004079
701006302
538004712
636014747
533697000
345070224
210577000
134508
710999112
351242000
710005970
576251000
636091044
311027200
710999979
701006243
239354000
710999915
566458000
770576220
367431830
701526000
304991000
710008820
701006113
566227000
345080008
357143000
232003890
577159000
367456420
701000792
367352690
612032600
701041000
725019910
701812000
701006143
710010380
253442000
710002720
5381
367307990
701006095
710052000
701006107
247304800
312784000
538003934
725004240
701007051
710069000
304726000
477617200
345200011
701089000
419565000
636016035
259235000
577084000
7010008
907643443
212034000
760000440
311067400
701006309
352140000
367024000
576306000
701006331
725003550
373043000
7010005
710009250
566827000
911000002
725000875
239824000
710006470
565769000
354819000
209174000
636092003
701006098
710013540
338140558
576079000
345010058
338145362
209013000
710000000
258022000
538004946
367440780
351418000
372221000
710001710
354903000
367519760
369575000
701006229
233494000
338142024
710008420
367107320
229258000
338067381
566872000
259418000
352716000
636011817
308384000
345070013
701006047
305871000
636005710
305754000
341542000
345110008
373819000
538003314
309995000
538004229
354586000
245634000
710003720
212389000
701006228
219298000
240214000
412019000
701006274
710999912
701006357
248697000
419789000
701006344
345160001
218710000
710237000
345030013
357578000
345200008
209136000
372642000
725016800
576826000
566266000
345070038
345000001
311336000
253365000
755002000
240148000
710112233
356816000
710234000
219408000
371428000
710000002
710000009
345030044
366904210
701006219
372946000
710000870
636011821
700000000
7010022
312883000
701006081
701000798
725004060
309856000
710007910
212517000
367553720
311435000
710009750
373946000
367309680
218538000
312710000
258026000
258055000
725000631
353530000
710999025
710001720
367008810
239166000
538004811
710998000
701006226
477464200
576568000
725000879
725000962
710005290
372971000
725001100
345140006
710005960
311065400
701006347
538004598
538002569
710002450
710002950
356476000
701006018
538002750
311058600
710992000
538003219
710004470
310535000
636015990
366906990
636007295
354735000
235059468
710000435
725016600
636011819
477424700
354068000
622121645
477317500
345030057
710002080
636007610
636090265
710000012
710000750
701006150
209032000
701007031
538003411
538004434
710074100
220537000
414070000
311014200
345030065
209475000
477707000
636011807
257420000
701000881
477071400
240032000
311041300
367472410
564594000
701000656
311054600
345200004
372859000
477196100
212950000
701006373
338425000
566002000
367543070
372375000
257615000
262005000
357321000
310509000
35659700
249797000
338774000
370942000
538003046
636015871
710239000
710034000
239931000
710000008
368613000
239635000
440006000
311052200
229003000
351953000
259583000
636014073
419756000
710135924
622121409
312894000
371556000
538004181
710006970
566405000
701000891
636090965
218560000
538004683
372680000
538004945
710001290
576017000
319009500
373267000
240472000
355647000
370776000
70100821
7010012
239592000
701509000
345030007
548860000
372605000
373137000
636092039
636014506
725009210
219273000
373724000
477167500
258203000
247287600
477265800
311018000
538090444
356222000
355896000
372316000
345010030
564729000
259861000
239842000
710256000
477201500
566157000
725000620
710003160
309992000
636090860
229330000
373483000
538003842
725000662
248005000
311584000
372248000
338398000
357256000
123450020
636015694
356837000
239615000
720000001
710001270
205553000
636015495
351427000
710002640
209927000
370651000
563539000
345030066
355063000
538002631
367429770
725019920
240024000
259980000
710007320
710999117
239984000
351880000
576516000
212522000
477462500
538001793
538004234
725000938
215971000
701000717
477814300
244394000
725017700
370058000
256911000
725000942
477065400
477095800
574493000
354449000
477261200
259757000
370453000
356340000
701006312
710074000
636015513
777777777
373283000
220557000
356732000
371553000
352680000
247291600
367035000
247285100
636011360
370995000
241084000
636015419
357377000
725000625
345050004
255750000
353327000
356370000
701090000
247285700
997251978
414032000
636015510
725014700
477797100
636092269
235067366
327801000
351853000
240446000
563878000
725011900
770576009
311255000
311063400
212839000
308203000
701006407
212215000
477535300
636007441
353558000
636015195
710004480
351257000
351531000
725001090
239469000
701006370
373018000
7010034
725002730
538004314
636014171
636092092
369804000
371681000
477631200
215046000
311032200
725012700
357381000
210439000
351327000
240069000
308626000
563681000
352614000
248930000
373146000
477752800
419752000
710000450
319767000
240744000
370189000
636014635
636092308
239416000
576050000
240892000
413119000
725005610
351296000
372729000
229535000
308249000
710000543
308287000
309815000
356548000
800000099
701000554
636092442
240665000
368124000
538004903
566020000
565151000
725000981
538003713
249663000
240114000
567010000
636015828
259556000
538005170
209859000
565723000
477700400
212139000
357479000
636091263
710001000
247298800
710000720
258767000
235053116
247294100
701006097
701507000
373474000
367196000
271042638
710000130
356917000
636092000
235273000
210621000
248278000
99999
636012800
563499000
215391000
241123000
311000089
210177000
235484000
271042960
219101000
235824000
636014902
240288000
209694000
548864000
304010465
373012000
538004536
305856000
353245000
636091745
710002090
477292000
755004326
235085927
209320000
441011000
800000093
215162000
239500000
888888888
353212000
249025000
636091800
538005148
477398000
241244000
770576105
248875000
305062000
311552000
701006245
636091519
538002636
636091900
636014813
305847000
636092317
239866000
450522000
253126000
305536000
710000563
710003910
477082000
357851000
353987000
212398000
710246000
373330000
308399000
636015352
710003090
311683000
230989000
237956000
209665000
477947900
215074000
248766000
538004361
538004676
710001540
477397300
305642000
372676000
710005440
538001903
576008000
636012095
354986000
710248000
259557000
256597000
770576248
371269000
710545554
373276000
229081000
372918000
710011000
477046700
636014884
311014100
477177300
357668000
477188400
710010840
565287000
366629000
345050007
538002728
710011840
789456003
345110004
308673000
701516000
111112730
248731000
224542000
477851600
725012400
354868000
357726000
240747000
710005610
351061000
636014510
710005450
755630162
235011530
701103000
2225
375126000
205552000
710003740
353751000
309726000
356087000
701000929
311057900
800000055
701000740
351644000
710074500
412045240
725000941
477881600
311028400
710333000
240704000
218469000
477938500
566025000
725000635
353163000
636092159
538002199
710006710
710000361
316007188
413360000
770576142
219284000
636014263
233795000
345030045
636014673
366947570
219332000
710007040
367353080
566572000
338221000
352947000
353666000
636011496
366375000
305676000
701007052
701000814
367309010
345070257
311060700
308695000
701006293
353377000
354740000
345070007
710999480
219566000
710011270
311046400
351617000
800000035
725011100
345200007
636091180
636091992
701006216
725001026
636015347
253011000
710029000
308097000
212384000
352534000
209651000
725000777
701000948
371241000
636013786
636015310
477280800
247254200
235050833
240278000
710000100
565862000
312911000
413471950
636090590
354830000
710003610
372854000
770576275
258798000
636015406
377625000
710001930
370277000
311393000
701999967
209268000
356174000
636092036
366938550
255805290
538004570
256572000
253407000
770576232
477894000
636016074
229164000
319249000
725000963
725002560
710231000
566203000
710003420
701000796
538070533
373515000
710001100
258781000
710009280
538001327
356110000
574435000
770576231
636015522
538002408
256672000
371086000
368138000
701000503
218713000
636091428
770576120
311302000
256367000
564535000
308792000
710005520
353118000
701000840
725004500
636015826
701006330
636015500
636090921
725000880
538003334
355899000
710002430
305700000
701006343
345050016
576701000
636015115
701006497
239649000
356205000
477897700
319076000
725001021
701006248
257977000
701000866
636014802
636091750
725008300
725000785
477897500
345030040
538004087
308293000
538003496
309244000
441824000
311471000
259429000
538004671
209428000
636092350
351916000
701504000
345030900
215735000
235050284
477486300
636092180
725001045
373828000
710999978
636011397
566801000
304845000
725010400
710266000
636014221
371228000
725000192
636092461
370764000
240144000
636014472
477020100
725000187
800000009
248775000
432192000
311065500
710255000
538003215
636014408
636007046
636015558
800000059
477768300
710003790
565384000
373471000
636090587
701006093
710003640
247056800
636014606
371185000
319254000
235050783
205351000
372977000
770576060
247295900
636015907
710000026
710001820
210751000
636015372
351538000
477817800
477981000
9
701000542
577139000
256751000
367010460
300100542
271000528
477294000
235092455
710999993
311665000
228335900
538003990
241093000
300101132
241118000
770576149
256991000
477241100
725000294
636013322
311824000
701006126
701006437
354736000
372117000
636091312
372044000
210278000
710447000
215155000
710009260
271002660
247304100
710008540
376700000
710007580
345010059
538090029
355458000
355680000
477462400
725000800
370325000
311304000
725000964
351901000
725001003
538003214
355363000
371304000
311052600
636091704
710074013
210057000
636014956
636090499
355312000
636092440
701000804
636014798
489
351863000
311582000
725000627
566215000
271042019
800000040
226022000
710001530
636012271
323103000
755890643
212287000
366029970
3099
710002880
538004642
304951000
367933000
434500276
375885000
371039000
710002990
725004220
725004370
352593000
710008000
701000805
701000575
309587000
377112000
371888000
212942000
566980000
235003900
538003213
371841000
310651000
538003107
353781000
238262000
636014890
636092044
725018200
566194000
377718000
356249000
636015991
710102032
3450910
236111926
304167000
701540000
701000611
259218000
239492000
311033600
269144000
309829000
636015598
247094900
710008720
701006264
248003000
477639300
218132000
210616000
636015197
351855000
636091423
210335000
770576044
701006455
701006017
240748000
998500456
229202000
636014088
161050436
725000580
725000629
725003970
636091794
565592000
701000729
271040198
351409000
352891000
701007053
725000591
370447000
538002980
701000878
240505000
229343000
271000656
701102000
239894000
5708
538002900
477598200
710000353
725000139
710008830
725000749
432448000
372361000
319994000
419064400
345010051
372699000
710090000
710002790
311682000
725001940
710002890
636091888
710010160
577131000
701054000
235060455
710000565
636092494
701000963
370749000
352290000
345010053
229329000
370271000
701006160
212007000
636091394
2829
636015004
701006101
701006291
538001501
538003333
209946000
725001031
710002921
248853000
345110007
355480000
338630000
240583000
710002480
7010013
432887000
319702000
371237000
636090691
636012627
305204000
701006272
725003720
710242000
311055500
636091723
710003620
311041600
710012570
311046300
210465000
257991000
353576000
755002420
701000620
710074400
311025800
636091055
3340
770576999
636012955
710005130
710005280
7010003
477617300
725001049
701006450
636014641
319030800
239874000
770576187
371094000
636091832
636015982
212337000
710008510
565462000
645147000
701000578
636014645
215599000
345070253
209279000
354165000
800000041
710001500
373354000
701006124
725000971
443004212
701006037
636090930
538004883
356952000
246773000
701024000
701000947
701051000
636090815
636014622
258938000
701006384
725000806
701000787
565085000
636011527
770576111
576774000
770576078
305343000
770576189
725004360
236603000
701006149
710999104
215517000
366792000
367429760
710267000
710003840
345050037
372972000
370941000
770576267
210777000
229013000
11158
356181000
735057548
636090532
248435000
725000979
354267000
367438000
710081000
412122000
477413500
209218000
310638000
565402000
725015600
431700260
305855000
377335000
345070211
345010500
370621000
725000984
701000596
538004380
636015359
710253000
309572000
701006410
17718
701000858
249762000
245237000
367429780
565742000
538004507
224881000
636014573
249461000
620006000
355921000
372067000
369338000
770576184
311379000
701080000
353039000
701000551
7010010
636092259
574006000
701000615
258924000
636091186
710008250
212643000
770576153
123456789
224981000
701501000
248319000
710082000
725003410
636014262
311050600
701093000
219634000
477311200
576540000
636015008
636015797
272014000
701536000
210274000
636015787
209890000
355029000
701006085
345070400
345070086
368135000
271042643
518685000
538004680
701006427
636014180
710000533
710000430
440502000
209263000
354841000
373487000
100001001
376487000
357361000
710001410
636012640
356260000
1712
710001280
215136000
760000140
477689000
441949000
236271000
636012864
373229000
352152000
219268000
636091865
725001048
565898000
367151250
354876000
305551000
372489000
229220000
353868000
538002650
710295000
563531000
701006099
538002446
211140000
209406000
375806000
725000320
701006371
701000849
770576279
636091446
538003326
760999909
477639500
209660000
248546000
636091412
710287000
701000799
235010170
235004260
477742900
477351300
725002370
354569000
710000390
538003197
548674000
356288000
90696
111111110
229423000
636015972
710000596
372811000
548687000
246244000
220634000
712048557
701006483
710009580
636012906
730022000
725011500
101843
701519000
710240000
710000025
730128000
357422000
710000294
770576102
477001100
259672000
636091275
247227900
351430000
353983000
710000710
710013410
235084181
636092329
576627000
701000628
538004781
373970000
373865000
477387900
311065300
770576257
357629000
710002860
730091000
311887000
308664000
636092275
701006204
371147000
477423500
366939140
725000261
800000068
477802600
636014604
477607100
238266000
477608700
228340900
636091381
710000131
710000850
310378000
760121200
377178000
355400000
258838000
730019000
311483000
246453000
477020300
229221000
345070210
210514000
305065000
432666000
70151400
372482000
636092471
701006188
338435000
701000553
345010068
310482000
477203600
215295000
356958000
565591000
548743000
477638900
725016500
263672960
354634000
538004586
701000854
770576185
710071000
218629000
209748000
701000916
538003487
371862000
730000153
701000793
345110006
730016000
345010045
356291000
636090994
576566000
477251000
339400111
372414000
725000990
565599000
701555555
701095000
356173000
538005135
353289000
253095000
701006005
548801000
636015043
636091424
372070000
564669000
370863000
477274100
564476000
636092248
354180000
1172
7010031
636014797
352017000
538002803
538003366
356773000
236498000
710005580
357949000
258142000
701007026
538002982
770111111
701006201
701522000
710005950
247230300
538003551
236273000
701094000
367151310
477950600
636091627
770576103
7010029
259901000
710022000
636092328
701000597
701068000
259951000
345110010
372079000
369970260
357841000
730127000
372089000
257681000
257257000
351882000
366639000
351928000
311857000
355204000
730026000
538003917
351445000
701006477
725000929
800000023
636015536
710000140
538004109
725017200
352073000
538002937
565190000
303999000
538001463
357156000
565116000
730015000
477261300
710254000
565084000
311016000
215724000
308245000
371415000
371067000
305853000
354298000
229308000
538090171
366757000
636092095
725027000
356084000
538003757
229381000
352718000
345070061
710000344
319842000
636011265
636011499
371919000
710004880
701006326
304846000
366758000
477950200
212146000
255804590
351365000
636092498
311585000
345110005
257842000
636091173
269025000
701000550
257545000
248483000
477240700
309526000
636015292
246841000
257674000
366766840
367334290
566694000
215205000
277481000
701000794
725001785
256240000
636012728
247284900
701006296
563635000
308397000
477622400
371777000
710000646
770576160
636014611
373082000
770576123
339300350
371083000
636091429
345030070
701006089
710006930
710000466
538004674
564539000
710001830
209393000
701006151
355831000
636015584
366978630
574330000
377912000
701006413
701000689
566110000
269817000
271041953
311028500
253082000
356268000
701040000
538004305
566932000
235060453
770576236
725001780
533065800
701000512
372435000
356856000
305252000
211771000
710006650
477048000
538002729
355521000
366766850
366766870
701006387
770576159
373240000
259851000
636090816
755999340
710102046
345010037
533058800
345070600
636013742
538004900
770576115
477163800
636011583
636091365
200000001
636014716
353371000
538004766
636092497
450511000
755050000
538003440
309407000
548435000
710122456
240308000
645160000
636091654
538090391
311029200
248078000
371957000
210333000
701000647
710003820
701000919
636013854
338460000
674976497
710009040
305098000
375804000
701006378
636014666
636015348
538003966
710000520
760000820
353934000
636092012
372878000
345200010
701006448
311583000
345070041
636092052
353707000
701000645
770576010
636014749
345070085
352684000
345010033
372623000
247285500
710010820
355494000
345050019
373879000
345200100
701006026
701088000
247276600
356112000
354187000
373393000
367081520
636012646
548807000
351145000
538002172
355520000
305291000
345200009
710001600
352328000
309933000
538003748
209330000
567035000
311648000
312878000
413076000
373842000
538003518
212275000
477680100
345070303
725001240
725001930
565673000
577116000
345070096
701000627
356768000
351849000
355960000
354741000
730088000
477480200
636014903
373470000
565789000
334624000
701000865
636013840
636015153
636091188
642122013
373555000
247188100
309135000
211425360
241209000
636091980
701006059
701007021
305167000
710001110
701287644
305508000
211349370
576175000
710004180
730060000
368064000
701503000
304182000
352097000
311128000
353093000
636091123
725024000
538004850
563074000
210914000
71000010
645273000
668124332
235058584
730090000
636015792
730003000
215191000
710000564
725000406
338136515
576224000
477633700
701006376
538002276
770576260
241210000
636015161
263673760
253098000
725014800
710777771
450538000
345040022
477213900
373332000
345070269
710000317
730104000
241235000
229265000
235074878
412308000
636091342
538002164
710002140
538004376
241104000
354937000
235093505
701000797
616999227
304906000
710999999
725002890
701000710
212682000
565487000
477319500
477174800
210872000
212276000
354255000
701007014
230186000
371854000
239884000
311297000
800000021
477229600
701000933
376091000
477746200
710238000
566510000
701006295
477628400
710003130
636011194
241225000
770576117
710074018
701006510
257901000
636012422
215026000
538004294
477663000
770576299
356073000
345070108
538002322
256003000
636011106
372920000
277338000
725000015
235003910
725001070
372731000
770576112
760000900
338146953
235066622
345070282
636092152
701006360
538002329
2184
477195700
312694000
538004080
413355000
352769000
376657000
538004962
209729000
636091385
701006328
701006244
367585410
701019000
538003687
755043000
710247000
367946000
249778000
477413900
366374000
3493
538004968
565585000
566904000
710010830
770576264
259029000
755005000
533130892
725000542
725002840
477105200
233092000
636015738
533130039
308062000
368063000
211580000
345110011
710000440
355212000
566351000
235007540
367488370
247069900
309906000
215954000
800000071
373942000
636013813
355746000
636011396
215273000
353613000
375623000
36315
366795000
565721000
419555000
636091666
256986000
311079000
353054000
477550800
354155003
725000769
210104000
477653500
419000162
477622800
377282000
304955000
566284000
538002778
538002938
636014562
636091081
219791000
258537000
345882058
548858000
538090081
372986000
770576134
259903000
259082000
701000561
304010937
345070239
770576198
477700100
566837000
311931000
1111
710001910
538004580
701000844
311046600
566039000
413095000
304010857
419654000
373127000
538002845
533047200
240510000
366771000
345040026
576646000
538004581
710012380
566383000
36446
210989000
372714000
725004340
7010004
450501000
710172000
319936000
710011410
636013839
367366320
215440000
345070290
538003691
576844000
258670000
247456000
636011561
701000652
258662000
353117000
565301000
308876000
538002340
345040013
345070100
538090253
636014799
477274200
477826800
710008410
240990000
212696000
538003675
209577000
224229670
246056000
566422000
256334000
800000087
345050022
636090747
257424000
710000014
356818000
345070262
375884000
305120000
518537000
247305200
327802000
701075000
36581
770576113
760000830
566327000
311065600
311020600
352610000
305171000
248910000
212735000
636013898
244780105
373640000
636092338
373114000
7010017
229049000
244650341
355720000
725001490
701000667
477217300
249393000
366828690
565600000
412328763
238179000
800000081
345009929
710008480
760113000
565979000
368249000
538005065
311024300
70100181
345050043
538004659
701006380
345070288
770576209
352629000
235075245
355189000
566871000
269149000
701007039
710010980
477787000
419526000
710006640
345160010
7019999
616836000
304598000
219432000
357292000
308045000
245086000
7100013
226332000
345070205
636091707
701097000
372279000
304941000
636090916
371895000
304122000
538003695
538004216
760001030
305157000
305231000
305776000
345140008
636012933
701042000
770576122
311912000
366610000
710011210
352603000
770576067
770576165
564700000
356791000
636090647
209000812
710999976
352871000
248865000
538002775
636013614
244203000
576689000
636015936
220558000
205421000
370490000
345010043
701006362
354155040
701006074
538004477
800000032
373517000
701000850
701000855
622177901
565475000
477351800
240903000
800000012
701006184
369517000
538004793
240575000
710000545
725000146
701006303
725000830
2194
238301000
701999999
354815000
205051000
636014128
304899000
246789000
345070700
636091613
725000983
345050018
538003887
636013340
345050021
636015955
664445000
372032000
369493719
7010009
311042500
371806000
345036041
373849000
538090420
701006253
799000000
245343000
701508000
710102233
701034000
239851000
352854000
219088000
760122000
345070267
725001153
247267500
701000708
413111000
257532000
710001940
538003702
356503000
701006408
701006466
345200002
720758000
355833000
356534000
370491000
345860646
701006003
477746500
1026
373611000
345070217
224134180
710000031
701006167
210516000
477710000
345016011
710010670
800000019
800000066
538004437
538004653
253296000
246466000
235010100
345160007
345070279
345070404
258693000
345030076
247012900
800000098
259539000
636006727
229016000
636090738
477225600
725000357
701000642
239933000
366982260
237943000
636091054
710000299
710000567
538002561
246117000
2332
636013002
249895000
257733000
323032012
305289000
636090709
229257000
273000000
391
710001810
311928000
701000517
371193000
311408000
212870000
636091558
345070248
701006515
755033000
351746000
636011792
701000515
355002000
235050369
730019708
538004199
538001664
256662000
701000905
636096640
372995000
370253000
701006200
701006396
269668000
725000910
277350000
538004787
209351000
367547820
244170000
246768000
36533
725000915
338159366
477464700
538003924
701006299
710012450
770576196
440811000
248605000
345070292
311606000
366288000
311037500
373002000
353131000
345860452
701603676
538001391
305350000
792700000
710003230
538004245
701000560
305975000
373554000
311058700
566716000
701006102
636013301
353910000
246616000
319829000
538004043
366960140
701006066
538002223
224655000
538003060
701000950
770576091
345010064
1025
366837840
373384000
548857000
305140000
725002850
710004120
269032000
645143000
308598000
345860496
720605000
701006129
370996000
311647000
353538000
304597000
576034000
345070246
725000219
701860672
304189000
377908000
564088000
701920101
636015464
305797000
636091629
355016000
636091725
345070208
345745327
701033000
701006284
770576119
564400000
323022890
760000740
354155005
303235000
271042763
701000516
373960000
725001700
701098000
366766940
701000940
354954000
477071300
538004924
710984532
248752000
701006104
367330820
800000080
236607000
701000676
538004884
308271000
770576096
701072000
53447
636014800
211151000
563926000
636090707
345860497
636090983
345070202
345070120
538003953
372031000
701006221
701006356
725001950
477346600
224506000
477255000
352557000
339300480
345070402
710008490
636092502
367141680
372747000
225426000
352464000
710003050
770576121
236352000
760000470
564262000
538090384
319707000
212808000
218072000
36605
636090102
211892000
345070130
725000000
345200013
305047000
345050035
701000549
371774000
770576252
345010060
305730000
218025000
710005590
441276000
235073548
701006385
376255000
229479000
770576229
232265000
710007940
259483000
565232000
271042868
770576278
210815000
308652000
247077300
373030000
565216000
1942
373943000
701000531
701000765
345070095
636091325
212058000
5300142
210449000
477218100
538002973
354348000
800000065
800000088
236111612
701000528
710005340
636091014
258801000
730079000
636092367
371671000
353580000
355930000
240031000
770576272
209619000
272208000
725001037
311489000
323032512
311645000
226335000
345070286
212425000
244523000
701006020
701006250
538002283
440420000
701006267
565276000
725005570
538005048
36611
373570000
225372000
352971000
311018800
538004209
258821000
770576146
210728000
323031971
367423000
636091472
564841000
345030059
237937000
701000511
636013565
538004485
701000818
770576183
701006520
356884000
636015994
311016800
636014530
701006452
538002756
229415000
345860471
701000001
311702000
345010054
245935000
725002300
352870000
636015750
377741000
311491000
701006529
209463000
240415000
310489000
1775
710005040
304251000
770576066
701078000
249815000
518635000
710000830
701006153
701006154
367003380
377911000
538003938
241170000
760000660
636015850
309942000
272692000
345070203
345030043
725000978
665111119
538004179
701000537
701000655
566674000
241267000
345070314
477047700
319011200
240878000
701006301
538004688
565250000
345010029
770576247
355919000
701060000
636091287
370030000
367164790
636092035
636092273
224156000
345050020
701000599
351379000
345070019
372808000
338126027
636091918
311779000
354183000
538090312
800000089
218082000
538004340
538004349
36604
319017600
311475000
209316000
310649000
345200101
262006000
710074200
636091599
636015840
305242000
725000696
309564000
730990011
215047000
636015418
218726000
232119000
357721000
7010037
345070223
477925200
345030071
477077400
241197000
701006083
352147000
351991000
212218000
477690200
345160742
636011266
368470000
210905000
412217999
311030500
352448000
636090662
36583
477559200
345010063
636091829
645144000
636092457
304486000
538002271
311027900
345050038
636091434
636091731
710000510
351859000
800000020
636013651
367373440
701000928
36338
770576186
636014933
246733000
719999933
36582
354073000
351206000
205561000
636092157
710000616
701007049
725009700
209676000
725003570
770576116
770576269
249696000
305458000
730068000
345070190
755025000
258014000
240679000
345070073
701521000
710991000
566915000
636091999
356852000
701006349
538090277
710001550
373507000
372148000
755280387
305147000
229052000
229563000
248134000
477225800
305628000
345070047
370268000
701006298
234659000
345861246
372738000
224240000
367151240
701000662
636014513
477222300
249276000
370763000
636092024
373007000
229475000
356165000
636012749
355315000
311153000
636015879
564402000
565082000
636008621
345160006
311295000
271041731
369344000
30001
311707000
725000574
246797000
356777000
345050029
636011007
477171000
370585000
345206002
770576151
770576200
355055000
247190800
219345000
345070196
636091525
345030062
412442890
257926000
369555000
356763000
389
371639000
538004920
247274900
372132000
800020118
345070212
428011000
234245000
224263000
477814500
725000930
538002295
345030072
210263000
367352720
323619012
477415700
701000830
323030413
863325641
356593000
710004910
249312000
123450011
565524000
548149000
354540000
319012500
306851000
645159000
370515000
477813900
354967000
725000916
477004700
538002538
249055000
800000053
538003523
563290000
770576191
636015147
308901000
209666000
760000400
257005970
235089774
345030100
377913000
725000428
354756000
304010697
605030072
338061000
563464000
372163000
564047000
538004921
247072400
645232000
577083000
240826000
372263000
636091436
370337000
701038000
725000974
377652000
3077
235029742
605030304
563669000
576842000
269023000
701000590
345050041
247303300
20060
259956000
760000920
355180000
338517000
354415000
477189500
311000080
701015000
220617000
345070050
345070131
305859000
311000115
355450000
636091878
710000156
636010534
357733000
245064000
353611000
354608000
800220512
370305000
354702000
372570000
354561000
357600000
760000320
247312400
356102000
377901012
236325000
354505000
372798000
770576118
373257000
345200012
566395000
701006155
370897000
367141790
354002000
800000043
257401000
538004266
636014640
477222500
256680000
710012580
304611000
636090624
538090056
373155000
636015825
701006436
373972000
351515000
538004092
538004355
352490000
538004795
111189
477216000
770576057
770576265
356639000
800051205
351097000
357069000
370480000
372741000
636015993
209579000
477839000
269628000
373203000
355764000
36609
209008000
345010015
636091793
372916000
710451000
345030500
477634800
725000616
725001044
538002279
224526000
800131518
370920000
345050030
218491000
477102200
636014344
564983000
372696000
710007010
345070199
240678000
355285000
305850000
710000215
636092232
710000529
311022800
352644000
370592000
353084000
566306000
345016014
538003831
351069000
373045000
311744000
636013343
352269000
701006400
247279600
229470000
357812000
352098000
229159000
367552920
636090818
345070313
565271000
538090413
636092017
636092435
701006058
701006223
352334000
311259000
477090000
725002040
538003926
353718000
345050014
372297000
770576154
372914000
354272000
249684000
240625000
247239700
565909000
323000047
211204500
636090807
345070070
371904000
352304000
345010057
370759000
205609000
319613000
725000367
701006471
477728900
710485000
351117000
271002661
356484000
224680000
257969000
701000638
636013529
246496000
701000876
538004992
538005047
371516000
770576114
710012230
345010019
352939000
373151000
636016005
305055000
375765000
710003070
373963000
367901000
345070119
304010624
636091393
345881771
312974000
800333327
212314000
701006172
354512000
311036200
725000972
319015800
212177000
401081889
800000063
566086000
572525210
701000619
566996000
353382000
351801000
701006454
36610
770576182
355946000
209355000
345030033
357942000
356546000
357791000
710744197
345990184
577182000
345070027
636090886
345070231
370507000
353482000
355041000
636092427
345070281
304010618
701006499
345970311
538003345
565807000
355388000
538004774
222222222
357555000
636015304
304198000
353978000
636015557
367365820
226294000
636090758
636014357
319440000
677043200
477080500
345010065
636092013
710008450
120477000
355380000
636011639
355111000
565946000
241211000
356829000
477726900
373255000
304280000
371453000
701517000
354074000
240476000
725003940
533000239
273338720
538003539
538080057
308868000
735057545
353548000
308371000
636090708
245780000
345070032
538090279
311028200
305860000
563527000
636092256
368438000
354796000
538002012
248560000
725001015
371784000
800130111
730064000
668124335
378103000
477095900
7010007
220581000
372591000
277349000
701000899
373780000
503100000
372338000
373378000
354579000
636015281
356956000
563508000
311046200
701030000
566049000
304180000
413301490
370613000
372314000
7062
477264900
229047000
755999654
249538000
370777000
371262000
538003989
367091160
351710000
701000942
370503000
370504000
356543000
354399000
636015697
244455000
36473
345070079
256726000
370481000
620001280
620001774
345070141
345070228
345070238
636091655
710000663
701006061
701006144
668124342
701007043
636014820
304490000
345070226
355990000
236311000
701000509
701000870
247295200
265491000
305101000
357656000
338147506
636090723
345070011
372456000
345070154
370874000
375684000
800333345
240266000
636092037
566198000
356524000
636092406
376746000
701006028
538090257
538090280
246572000
306864000
367332250
800180125
5853
576326000
356
353807000
304422000
701000535
345050011
373591000
345116010
36488
770576150
371897000
636015273
371031000
636015556
636015954
371816000
356497000
345070628
477960100
477902800
373194000
355532000
352116000
636091779
701079000
249204000
372498000
566090000
228353600
477051600
538002090
725000895
710001520
477765800
538002445
345990175
345050023
477013700
800000044
730106000
770576061
373928000
572911000
304483000
373556000
356878000
304010708
30299
372114000
354089000
345070031
577125000
477876000
345070277
351232000
636091343
305392000
311663000
220577000
636092253
319819000
255804740
371697000
354138000
701006224
477873000
636009381
367377000
378112007
370510000
249983000
351907000
701402415
770576126
770576211
354439000
253068000
219851000
356504000
477883200
373765000
565526000
565810000
636015748
636015802
431904000
533050800
345090003
370943000
210900000
351316000
477229900
373701000
373832000
636090705
354155002
345070139
354842000
345070278
338926534
636014460
370540000
636091953
636092270
373831000
538004142
725000360
247218300
370361000
3816906
357951000
218742000
312895000
372113000
366866570
370483000
357528000
636015123
345030081
353973000
352879000
345010044
352367000
272013000
7300046
215823000
218023000
370623000
413113000
636091665
636091763
345070168
309293000
755999109
305152000
538002281
725001080
636011537
218432000
538002534
355263000
366479000
538004375
565971000
345000010
538003670
229309000
311946000
419000180
636014596
441897000
563104000
370082000
220592000
563745000
477114500
375933000
236256000
477311600
244790370
800011407
345110013
636016168
7010014
563722000
311056900
345070295
371252000
357547000
355650000
111111111
372383000
210635000
566141000
636091883
357152000
710008380
710000378
372122000
304811000
636014597
565715000
356049000
701006040
352412000
701006372
538002278
345050015
413146000
538003008
370511000
345970319
538003900
218087000
370486000
538004770
636013812
370190000
36331
1453128
770576180
9570
760000500
338071607
710005350
366302000
372884000
636015992
212758000
412440116
354361000
235089912
356969000
357339000
345070082
345070153
345860640
370506000
238296000
353703000
375819000
450326000
613914
345070176
414154000
701007040
305398000
730990014
304664000
605030292
367008870
355216000
373902000
477016800
372103000
538004618
240067000
311065200
563089000
2083
311047100
352744000
339400114
345333333
354309000
219333000
770576104
636090798
345070110
345070142
370557000
345070233
31904900
345070074
345010050
316126000
345070145
564237000
701006286
345070209
701031000
563135000
538003673
725002460
8661252
538003726
309785000
538004377
701000778
538004599
372592000
775000000
256322000
353873000
4642
338075078
373141000
235007500
373537000
565223000
257155000
227547020
636090299
311055200
338127774
345070127
345070128
367423280
345070057
345070062
353396000
259022000
372011000
701006524
431613000
357798000
538003397
257641470
800000010
215555000
2866
7703879
710015000
249313000
354214000
645181000
345970266
372750000
345070265
636091247
345030046
636091925
370694000
212272000
538002548
319768000
338091025
241103000
538003850
345860501
372130000
701000577
354891000
701000835
247033380
636014481
371243000
1193047
370505000
636015520
370755000
710252000
345970262
209570000
372922000
370517000
636091270
375439000
710008890
355890000
319538000
725001320
345050012
701007048
538002869
576063000
477880600
760581
567020000
538004343
701000851
701000720
238223000
224436000
236111804
770576202
636014423
311972000
304210000
4662
345036029
477423600
345970106
323000028
345086009
636008526
354022000
311985000
345070053
345070055
345070146
311223000
477801000
244710713
7550
345030086
357796000
538001390
710664321
701006182
701006480
375817000
701000543
548775000
352375000
367067370
477087500
565037000
311126000
2419
533695000
305247000
701000583
701000651
701000756
247303400
770576135
770191155
710135925
311784000
345070040
412442880
235066053
240879000
345970077
636016118
305093000
538001826
636091485
564731000
636091600
636091700
373352000
377288000
11
701006080
701006145
725000613
701006246
419694000
710001460
636014740
1034
538002501
538003081
345090004
378112011
725003280
235637000
241100000
367544870
237921000
701000591
240891000
701000871
701000895
370681000
701000932
538004951
356233000
345010014
345010069
345070305
352189000
477631400
370472000
1193046
345970075
345970091
372930000
373299000
368305000
345070018
311000098
210234000
367565910
311049500
311642000
987250020
412270002
345882095
710000132
345972253
636010032
636010238
636092263
636092381
311923000
434500280
701006341
323097000
701006440
701006522
255805380
371942000
239939000
210718000
367396520
636012324
257849000
725002600
354212000
538003859
345070244
566111000
701000755
323030103
538004932
730050001
770576086
770576131
770576228
565711000
710004950
710000003
248825000
247242600
338142008
710481000
345970037
345970103
701006259
353570000
477444500
345070030
345070149
373521000
345070229
538003544
370518000
351612000
240715000
566042000
800120514
257544000
4071298
538090148
477883100
701006177
725000846
701006516
725000957
680841
373802000
441763000
372934000
412442860
565168000
378111932
800000051
373926000
576416000
538003868
247629000
345050002
239652000
858377419
701006419
770576270
770576300
220580000
345076003
636015178
636015279
414094000
357000000
431424000
236111888
376029000
345010056
345970093
345970094
636090529
345971158
477862000
345070058
345070274
345070301
345070309
259198000
345070318
636091185
269065000
357141000
503512400
345882053
710000193
345840960
375939000
725000288
345970038
701006191
538004213
311447000
701006405
563758000
440100000
701007046
701006034
538002793
53519
755402402
636013524
373064000
800000042
355146000
996278650
371657000
725019030
636013017
701000607
701000636
211451040
701000834
338109041
636014306
351870000
345010017
770576251
219290000
566399000
354828000
636014704
345070048
306013000
211766000
258139000
710235000
30077
345970068
258978000
725005900
345970327
345071936
232516000
356571000
345070063
345070094
344021525
399955
345070166
345070017
345070293
367090490
345070060
235833000
56519400
373297000
212286000
311041500
636092514
357376000
345070152
352785000
701006046
642122014
701006133
701006147
565101000
311069200
245523000
725001071
441050000
368665654
240864000
431723000
355733000
538003076
189643
999000007
477360200
800000052
304439000
239337000
311000095
477235000
338159842
577123000
636015000
367454720
636013123
351442000
2771670
371936000
345010049
345050031
345050032
701000648
369970176
235513000
305121000
366956050
538005016
1540702
770576062
345861893
710004550
770576281
565973000
477319200
636014665
327810000
755004000
701453000
2306777
636015390
477926200
636014115
375838000
215839000
636014720
345970109
345970112
636016139
633010448
304243000
760
355654000
345070029
345861883
345070083
357735000
345070220
232280000
701000193
345010039
636091611
636091727
345070144
219012000
636091839
636007679
440852000
800333364
255802950
345070207
220374000
710000550
701096000
304322000
572088426
636092524
701006044
701006069
338070127
2288216
701006169
345070315
701006300
755991013
2097791
377762000
373687000
725000950
563119000
755999782
477766700
209082000
235070707
701006042
305757000
567265000
535693122
78792707
800000054
800000086
725002350
699113570
538001780
477661400
636012908
720341418
725019110
304813000
367454770
701006263
345990926
440322772
235076731
319591000
215042000
274664201
701000639
701000646
701000686
1069435889
369970175
351784000
701000772
701000808
234540231
701000927
701000949
636013816
371632000
701000962
701000967
224072000
248128000
2633021
710045000
538004941
246302000
235007450
538005037
367504960
18976455
770576199
606703451
770576226
770576246
312655000
760000450
462016479
305670000
90820700
432810000
636014699
2470051
235079725
366915910
311071100
401930
636015005
338607000
794456543
190550568
419680827
533992000
310656000
5002
538004997
509034447
636007699
636015904
345970084
345970105
710006250
352337000
372111000
41172964
367320960
432839000
277330000
356080000
235018555
636090752
345070066
345070068
412000000
345070115
565779000
345070147
345070187
351075000
636091088
345070294
538090238
353456000
371398000
441864000
367454750
565411000
345070125
308297000
710000005
345882004
689946522
345882035
636091828
636091850
345079243
158650184
972292047
235093794
710p008710
373334000
