622122000
525004000
312767000
567039000
231770000
423071000
574109000
372189000
533000000
211215000
431800000
412323000
572499000
572590000
525025000
525025000
412407000
251126000
273354000
574168000
357885000
525023000
354572000
273360000
273340000
273110000
248736000
244115000
273357000
514716000
251463000
247119000
525013000
525005000
370100000
525023000
525018000
312743000
271003000
525019000
514420000
567054000
419577000
457047000
214182000
533000000
677015000
667069000
371547000
412422000
219017000
445134000
525019000
538005000
616999000
423094000
701001000
272506000
273429000
273810000
273244000
273811000
273813000
412270000
312148000
273526000
273524000
273523000
226270000
341190000
273532000
273523000
273522000
273527000
273534000
273527000
273528000
273299000
273854000
601967000
312649000
273529000
273530000
412270000
548097000
256514000
525015000
572631000
701001000
525012000
431601000
572470000
431100000
525019000
419027000
533871000
431101000
567055000
567055000
273350000
515950000
671184000
213986000
422009000
373770000
273345000
525019000
412422000
273811000
525019000
247268000
567004000
273353000
273442000
273444000
546009000
304011000
271003000
622120000
232004000
237593000
271527000
345110000
525021000
239795000
345110000
477218000
548599000
265522000
636009000
265547000
241042000
525019000
574013000
533052000
533000000
273459000
273441000
567050000
567039000
525021000
239410000
432300000
352118000
423133000
423136000
423161000
247312000
525020000
311014000
636091000
525015000
265523000
247071000
567039000
525005000
257050000
271003000
271003000
271010000
309324000
525019000
204701000
273311000
636009000
538002000
525022000
230990000
710160000
710074000
710074000
710319000
710074000
405000000
538004000
412465000
273440000
247054000
247055000
224074000
636013000
422032000
525022000
636013000
312820000
636014000
701006000
525025000
525025000
735059000
240509000
265610000
271010000
271003000
271003000
271010000
238114000
273328000
422043000
214181000
273310000
273397000
227011000
412642000
237244000
525019000
273312000
533131000
525017000
533001000
431601000
525023000
237024000
339800000
273429000
525023000
760114000
247177000
422331000
422029000
548417000
431301000
354596000
525003000
312588000
312517000
422326000
533064000
412679000
525002000
211227000
533064000
533014000
273344000
422018000
631918000
525019000
273820000
423038000
367008000
237375000
237818000
422024000
508031000
214182000
457900000
515526000
525019000
417222000
237028000
725001000
232004000
230035000
265526000
265526000
265549000
265609000
230988000
230939000
265508000
230939000
230988000
367480000
419003000
377787000
205359000
257194000
576631000
205525000
470563000
205389000
244039000
548562000
219007000
261240000
367316000
367021000
366772000
366977000
367146000
601010000
525002000
211212000
367063000
366920000
366977000
366977000
366977000
366977000
237005000
219002000
247069000
316008000
525009000
239005000
237234000
237088000
237784000
239532000
239546000
237746000
239572000
533001000
367145000
271010000
422028000
271010000
237008000
574013000
574013000
574013000
574013000
445295000
211298000
616999000
710006000
525001000
271010000
271010000
237320000
525019000
445699000
445013000
525012000
422380000
423326000
538080000
445702000
445708000
237389000
273425000
235087000
533001000
567062000
235060000
720825000
367400000
422536000
533036000
422024000
255805000
237018000
525020000
515567000
271040000
457900000
373692000
419001000
525018000
263670000
515089000
237018000
247196000
237007000
422034000
353523000
574013000
574013000
574013000
575000000
574013000
413690000
710010000
412327000
412454000
457635000
419001000
211325000
525007000
271003000
224019000
529498000
367545000
419001000
419001000
419001000
419001000
378111000
419001000
419001000
367180000
251606000
367124000
367511000
457650000
548565000
525017000
355396000
457672000
353582000
271010000
533170000
219018000
229377000
416003000
416003000
416003000
416003000
345110000
345110000
345110000
529598000
312381000
525004000
422044000
422044000
422047000
525023000
525023000
677058000
271044000
457900000
525012000
518795000
271010000
431003000
419017000
529679000
247215000
247215000
525005000
542128000
542129000
542130000
525019000
538005000
525005000
518848000
725002000
574013000
457900000
265512000
525023000
237018000
230943000
224158000
224158000
273357000
273165000
720867000
273164000
636014000
477142000
477178000
477399000
525005000
273368000
533951000
431301000
353085000
224193000
232001000
273429000
273210000
525005000
525003000
525015000
412422000
525015000
477748000
247071000
247071000
412323000
677048000
671325000
366549000
356584000
423012000
423025000
525019000
431300000
431602000
431401000
247049000
247047000
412002000
416004000
553111000
567041000
525017000
477634000
422006000
431301000
636014000
431401000
431501000
525003000
542102000
431600000
355589000
422367000
431601000
273416000
273312000
219001000
273312000
251047000
211273000
273297000
273291000
273300000
271010000
211213000
423070000
304011000
354264000
353913000
352446000
760000000
412002000
622121000
214182000
405000000
367174000
636009000
356597000
214182000
636009000
636014000
636014000
636014000
212137000
205038000
247044000
247047000
417222000
538005000
538005000
431819000
341206000
567050000
533014000
529712000
412043000
636013000
264500000
256959000
525011000
567044000
247038000
247042000
247042000
622135000
622135000
249073000
735058000
567059000
735058000
525022000
417222000
725012000
538005000
538005000
701006000
701006000
232555000
259663000
371729000
431401000
477202000
273431000
265573000
258265000
232605000
314199000
247051000
671430000
370474000
273148000
576291000
277320000
353479000
273435000
273439000
276297000
272159000
273246000
423231000
273151000
272122000
273353000
518804000
273343000
525015000
525025000
525012000
529421000
567040000
273350000
533000000
515528000
316008000
232004000
247164000
247163000
247044000
525015000
525019000
431601000
525015000
533379000
525023000
431800000
431601000
636013000
636013000
238113000
636011000
419055000
525012000
431602000
431700000
538004000
356101000
235004000
263603000
258395000
273445000
273357000
273332000
273360000
601318000
211215000
538001000
351449000
477662000
636009000
525023000
273441000
235080000
271010000
257905000
316009000
431100000
211203000
525015000
366984000
257472000
431300000
667073000
273340000
273332000
247227000
440668000
431300000
457190000
525020000
247056000
525023000
533001000
567041000
431601000
525015000
525023000
377691000
273312000
273368000
273419000
273312000
567051000
273359000
273197000
725002000
273841000
273843000
273258000
273423000
273249000
273844000
273259000
273822000
273536000
273828000
273878000
273811000
273842000
273830000
412270000
273846000
312570000
273435000
273325000
312581000
273332000
214182000
422050000
273330000
312945000
273830000
273252000
273251000
273150000
272265000
272263000
273152000
273137000
273820000
273411000
273217000
273189000
273343000
273458000
273875000
273814000
273423000
631154000
273411000
273424000
423007000
273425000
273332000
423202000
273354000
273435000
642162000
273424000
423067000
423040000
423008000
273451000
273436000
423061000
273872000
273458000
273345000
273344000
273343000
273350000
273343000
273442000
273828000
273441000
423034000
273435000
667002000
423122000
273246000
273332000
273345000
273344000
273270000
214182000
423048000
423123000
273422000
273186000
273343000
423063000
273137000
239145000
273420000
214181000
273435000
273250000
512004000
376598000
273241000
273137000
273436000
423042000
376853000
273440000
273055000
273912000
431502000
441354000
235004000
271010000
710003000
533000000
416004000
412456000
271003000
525006000
412445000
525015000
616999000
616999000
237019000
238895000
237740000
237933000
239372000
255910000
239108000
237100000
572357000
572360000
525015000
215452000
235091000
271010000
239499000
616999000
345010000
419088000
255907000
538080000
238810000
319013000
273423000
237843000
235076000
271010000
271010000
525020000
525003000
525007000
548838000
261002000
237944000
412438000
367376000
422870000
412302000
422415000
567055000
564594000
525017000
525015000
224048000
271010000
525009000
525009000
525009000
412437000
312011000
238956000
227056000
412206000
412423000
227195000
525004000
525004000
525004000
367434000
525017000
533001000
247179000
373737000
538080000
370331000
247226000
239361000
525075000
319021000
237672000
247218000
237595000
412438000
255911000
354742000
214182000
525015000
667012000
271010000
237326000
273391000
273393000
273394000
273395000
273397000
273390000
239631000
211237000
211315000
211228000
445455000
457487000
574001000
273343000
525023000
720763000
271010000
422411000
227052000
273341000
239215000
525004000
263672000
239190000
239564000
263671000
525019000
514305000
237354000
237040000
341189000
538080000
445688000
538080000
367432000
353337000
538002000
470868000
470388000
538002000
355896000
576738000
576016000
636010000
403710000
538002000
576511000
354061000
636014000
636011000
577014000
636008000
538002000
576809000
257087000
636010000
538002000
538002000
538002000
538002000
538002000
366939000
538004000
440343000
636010000
636009000
636009000
636010000
636011000
538002000
576860000
576776000
538002000
636014000
576919000
576779000
576780000
576781000
636014000
576782000
576923000
636010000
576924000
538002000
636013000
370718000
538002000
576719000
538002000
576606000
538002000
636014000
636013000
412370000
423379000
423093000
576741000
576957000
576020000
576672000
538002000
636010000
412321000
538001000
636010000
636010000
636010000
273436000
538002000
636009000
636009000
576854000
636009000
457844000
538002000
636014000
636009000
412461000
412461000
565296000
576098000
311657000
636009000
538002000
538002000
538002000
538002000
538002000
538002000
538002000
636010000
538002000
309963000
538002000
538002000
366939000
538004000
538002000
538002000
538002000
636013000
355712000
636014000
538002000
576404000
636010000
576674000
636014000
636013000
636013000
636014000
538002000
538002000
577027000
636014000
636013000
636013000
636014000
636014000
636009000
636007000
636007000
538002000
636008000
636008000
636008000
636008000
538004000
538002000
538002000
575000000
538002000
538005000
538002000
538002000
538004000
538005000
538005000
538005000
538005000
538004000
419901000
419901000
419901000
636013000
576746000
311077000
636008000
538004000
636009000
636008000
636009000
636008000
636009000
636006000
636010000
636009000
636010000
636007000
538002000
538002000
636014000
636014000
636009000
636008000
636010000
636014000
525002000
538002000
538001000
538002000
538002000
538002000
538002000
538002000
538002000
538002000
538002000
538002000
538002000
636014000
210371000
235066000
576806000
576807000
538004000
636013000
538002000
538002000
636010000
636010000
636010000
636010000
636010000
636010000
636013000
636013000
636009000
576808000
636010000
503047000
636009000
636009000
636009000
636013000
636009000
636010000
538002000
574085000
538002000
533131000
470604000
576540000
422030000
538002000
538002000
636008000
538002000
576140000
576474000
367310000
367068000
235071000
538002000
419901000
419901000
576742000
576621000
775990000
775990000
775990000
775990000
657685000
657686000
273423000
233935000
367032000
412461000
538005000
538005000
538005000
775990000
538004000
775990000
311489000
775990000
470528000
538002000
775990000
636013000
355564000
538001000
367083000
367033000
636011000
636011000
636011000
636011000
636011000
636014000
367128000
538004000
636011000
367484000
636013000
636013000
636013000
576831000
538005000
538002000
423348000
367133000
367033000
366991000
366988000
366818000
775990000
533000000
375256000
533004000
538002000
316008000
219016000
367033000
367484000
366849000
249299000
403702000
403700000
403702000
403700000
403700000
403702000
575000000
351328000
775990000
775990000
525017000
211107000
565409000
367079000
372763000
636013000
311015000
372128000
367079000
371992000
367068000
538005000
538004000
636013000
372034000
457821000
636013000
412302000
636013000
538005000
311011000
412322000
538004000
367128000
367593000
367450000
636014000
372887000
308006000
376373000
657101000
412321000
412321000
538004000
367312000
367340000
636013000
636014000
311032000
538004000
219015000
235066000
565820000
538005000
538004000
565986000
636014000
371515000
538004000
538004000
538004000
538004000
538004000
533131000
636014000
636014000
636014000
355240000
311012000
311012000
622178000
271011000
273354000
413325000
574001000
538004000
538004000
345030000
370831000
525003000
311045000
538005000
538005000
538005000
533046000
353927000
538005000
538005000
312746000
572533000
412377000
636014000
636013000
345160000
477593000
636013000
238162000
370080000
355296000
525022000
314954000
273329000
316014000
273327000
525017000
533000000
309578000
636009000
636009000
636090000
211294000
311061000
538004000
525011000
636014000
345020000
553111000
622120000
232001000
431501000
548468000
525015000
265547000
311009000
311011000
311010000
311041000
616999000
232002000
533000000
431401000
533977000
548422000
567034000
214181000
272890000
272897000
272894000
214182000
525015000
261001000
316001000
553111000
211209000
214182000
525015000
525020000
525023000
477690000
214182000
525024000
237003000
247078000
525025000
548043000
438031000
238300000
351817000
373731000
247059000
345030000
232003000
636011000
232003000
235004000
567052000
356774000
636014000
352358000
431301000
525020000
548370000
525003000
515885000
525012000
525015000
370113000
525008000
247043000
525022000
477218000
273820000
431601000
525019000
667039000
431301000
533001000
525019000
518884000
265625000
419126000
622120000
417222000
257399000
239212000
422017000
273312000
273211000
538004000
701006000
431800000
413690000
412302000
412077000
525025000
525025000
376034000
232002000
525012000
525024000
312844000
636013000
576038000
247061000
238191000
636013000
316001000
431601000
273350000
304011000
525005000
525022000
525001000
548545000
273446000
211215000
257269000
431401000
567054000
431401000
431601000
417222000
567052000
525019000
667043000
265555000
247050000
431401000
567040000
273447000
538002000
538002000
538002000
563003000
232001000
457867000
525020000
271040000
525019000
261003000
261003000
232001000
419001000
412324000
235001000
235097000
538002000
677048000
636013000
572304000
525023000
636011000
311010000
423027000
316018000
372323000
525019000
574169000
525019000
636014000
232004000
232004000
525022000
533020000
563004000
677049000
548757000
567050000
667002000
616999000
533170000
419031000
431602000
345140000
273350000
477141000
477174000
533000000
412049000
240424000
574146000
525017000
436000000
247213000
440501000
431401000
525001000
238648000
273438000
431101000
422604000
352741000
261007000
247154000
445368000
273434000
273438000
273847000
273253000
272266000
272267000
273455000
273360000
276701000
273414000
211272000
211272000
230938000
273446000
440283000
273828000
525015000
412370000
436000000
264900000
264900000
264900000
264900000
412321000
373513000
412043000
412553000
412321000
412461000
412463000
247175000
553111000
412321000
412321000
671083000
273848000
273457000
273425000
412858000
412826000
412827000
412845000
412463000
412401000
272877000
273422000
273318000
412461000
412600000
273140000
412021000
525106000
232005000
237112000
273811000
272268000
273456000
273190000
273316000
237013000
271044000
503178000
366922000
367346000
211305000
273845000
273313000
214182000
357631000
366370000
366996000
367533000
366989000
367032000
367032000
247048000
574113000
247188000
247188000
214182000
725003000
725003000
236000000
423163000
273137000
273313000
272269000
273459000
574013000
574088000
574155000
574759000
574945000
574057000
574273000
575000000
574768000
525004000
247065000
525007000
271011000
271011000
271010000
271010000
525004000
457900000
574141000
423218000
423257000
423227000
423148000
423211000
247223000
247049000
247049000
247228000
273447000
273441000
237010000
341344000
515153000
367002000
412446000
553111000
553111000
273450000
214182000
273829000
273241000
574143000
352034000
351152000
273370000
616999000
412321000
238112000
412401000
353390000
351342000
273441000
525019000
422521000
525015000
273353000
367100000
273442000
338618000
367032000
238114000
701001000
701001000
273354000
667009000
273314000
273290000
412906000
440013000
273458000
273319000
345030000
412916000
447160000
372018000
271003000
440146000
273440000
367513000
273314000
366917000
525023000
367032000
273359000
273438000
273439000
273330000
273332000
271010000
271010000
271010000
271010000
271010000
273291000
334607000
273856000
273826000
423401000
273423000
273313000
230347000
423028000
273412000
423141000
237039000
273445000
273418000
273186000
273357000
273440000
616132000
273319000
214181000
214181000
214181000
214180000
351332000
273447000
214181000
273314000
273451000
273439000
273843000
273879000
273341000
273422000
417222000
525022000
422882000
366747000
273446000
273445000
273829000
273460000
422029000
273434000
412437000
423179000
272876000
574093000
273432000
211242000
265617000
264900000
273157000
264900000
264900000
264800000
264900000
264900000
264900000
574042000
367146000
273345000
574013000
214182000
211253000
273310000
214182000
273459000
273447000
273459000
273455000
273437000
412321000
273446000
412407000
227001000
273441000
422360000
261006000
273344000
230990000
431100000
525018000
239550000
265604000
273310000
256309000
273332000
273350000
214182000
422053000
214181000
273317000
214182000
273424000
273160000
273435000
273434000
273437000
273357000
273441000
273313000
273343000
273445000
273419000
273316000
273311000
273429000
273456000
214181000
214181000
616999000
273329000
273353000
273316000
273345000
273310000
273340000
273341000
574321000
273357000
574101000
574039000
247097000
273459000
273330000
575000000
575000000
247098000
273447000
574064000
575000000
247069000
237007000
725001000
273314000
431500000
422010000
273327000
273420000
273415000
525023000
237039000
273340000
247170000
273428000
214182000
247062000
227002000
422053000
419001000
219001000
508111000
227002000
525002000
525019000
436000000
273359000
616999000
525019000
273457000
273437000
211226000
423261000
423380000
273317000
272023000
273314000
440304000
440124000
214111000
273311000
273431000
525019000
312184000
677026000
273311000
214182000
316001000
273447000
273434000
273311000
273425000
273873000
525019000
525002000
345010000
273340000
273332000
525005000
219001000
440304000
219002000
367718000
533001000
366796000
422031000
273435000
422017000
237024000
525022000
440304000
775076000
553111000
273330000
232004000
273451000
273424000
422053000
622120000
229058000
525017000
272527000
572223000
371288000
272890000
373685000
525023000
431500000
273413000
273311000
273316000
431500000
477291000
273353000
219001000
219001000
272271000
272015000
273416000
273430000
367176000
616999000
422033000
563008000
477115000
273313000
525015000
412321000
272876000
273440000
214182000
263673000
273459000
412461000
273530000
214182000
273459000
273417000
247074000
273451000
273444000
237002000
237025000
667005000
548514000
273318000
273319000
273315000
273411000
273381000
419074000
273435000
273319000
273310000
273458000
273455000
273445000
525023000
367129000
273431000
273845000
423164000
412373000
273316000
423171000
423116000
423170000
273438000
423221000
273415000
273455000
273436000
273438000
273437000
273317000
616769000
312598000
273380000
423262000
423185000
214182000
273450000
412401000
412401000
273310000
273311000
375247000
273350000
542127000
412082000
412085000
525014000
422045000
422033000
273438000
436000000
412076000
273361000
273437000
272428000
273446000
273316000
273317000
214182000
431600000
431400000
431300000
431500000
412321000
412321000
273324000
514316000
373027000
273441000
647521000
616999000
412321000
211217000
525015000
273455000
273354000
412520000
273439000
273314000
273315000
273313000
525011000
211233000
412270000
575000000
575000000
575000000
273554000
419061000
631166000
211207000
412520000
345010000
412073000
412052000
412402000
412402000
412773000
529142000
412520000
561002000
412520000
413439000
273897000
273316000
677050000
525019000
525019000
273135000
273444000
525019000
273316000
436000000
219001000
334505000
273344000
273437000
261011000
261010000
261011000
366673000
366921000
436000000
273153000
273423000
431842000
273420000
273332000
239306000
247099000
247181000
525007000
255805000
255805000
503573000
214182000
548440000
533131000
247049000
273435000
525017000
525017000
538004000
211206000
538004000
273842000
273844000
273441000
273841000
273848000
412439000
725001000
232001000
636013000
636013000
211204000
636011000
232001000
232001000
237021000
237017000
525007000
548554000
232003000
232003000
306861000
760001000
538004000
304011000
525017000
314101000
525007000
238110000
265547000
273115000
273113000
273115000
636013000
431100000
533047000
431501000
431101000
525015000
525011000
667899000
667014000
533000000
211217000
304011000
440412000
271003000
525022000
230988000
247074000
525019000
525017000
636014000
366966000
247043000
311005000
351831000
372177000
636009000
622121000
572420000
219153000
636013000
273880000
273814000
273810000
261522000
273340000
235032000
273319000
567046000
477110000
525011000
636014000
636013000
548028000
760124000
273848000
525004000
228007000
405000000
235039000
235061000
636091000
636091000
538004000
636090000
725018000
525015000
341985000
273457000
273458000
273120000
574184000
372262000
574192000
533000000
422448000
422045000
525017000
525021000
525015000
431401000
416125000
419001000
477908000
533064000
273319000
525011000
525007000
525002000
636013000
636013000
636009000
563012000
563004000
775992000
533131000
525005000
574076000
247066000
563002000
431601000
436000000
247059000
247059000
636010000
311068000
235095000
219045000
525017000
538005000
533001000
525015000
525015000
215762000
273330000
525017000
273444000
525025000
304011000
273359000
304011000
525968000
273317000
273811000
273846000
273424000
405000000
636010000
636009000
538004000
422045000
304011000
419077000
525003000
548603000
477753000
477266000
209795000
525025000
533180000
232003000
249847000
273343000
431401000
431401000
431401000
431101000
636014000
405000000
636011000
273359000
525005000
525005000
525005000
241268000
273535000
422018000
431100000
636010000
572240000
247094000
548465000
219010000
413105000
265525000
525020000
237236000
525003000
525019000
244701000
316001000
230210000
525020000
311046000
311059000
412574000
564687000
616999000
273353000
205087000
211266000
255805000
273310000
373773000
275408000
232003000
232003000
232003000
232003000
232003000
304011000
636010000
403702000
214182000
304011000
477047000
525007000
367063000
367063000
431601000
525002000
525002000
567056000
457632000
567406000
636014000
304011000
238117000
677060000
235051000
235051000
235050000
235050000
376004000
422426000
247216000
311010000
403702000
431401000
441202000
412436000
405000000
533014000
441604000
431800000
563002000
265511000
265630000
431601000
636091000
215283000
273914000
477681000
431401000
525889000
273350000
273439000
273428000
273435000
273429000
273436000
273431000
431501000
431100000
431500000
273428000
273311000
273458000
755999000
412370000
616572000
525015000
431401000
214182000
214181000
273317000
273314000
273428000
334658000
575000000
575000000
431501000
431501000
525001000
525001000
422101000
272066000
272099000
273310000
533000000
273435000
273436000
273332000
273431000
272017000
273911000
273439000
622122000
273425000
273437000
273417000
273152000
273312000
574066000
273913000
272247000
272873000
273317000
667002000
273428000
214182000
334729000
214181000
273320000
431068000
574020000
273432000
273455000
273318000
273439000
272555000
525003000
352326000
431401000
416180000
422029000
273021000
273319000
273459000
273441000
219001000
273441000
272879000
272879000
273434000
273340000
273447000
273446000
273435000
273434000
273457000
677032000
273437000
273477000
412321000
412321000
525015000
273446000
261002000
261002000
261002000
261002000
261002000
261002000
525023000
273434000
436000000
533257000
273432000
264900000
258172000
250001000
273420000
273423000
247465000
367163000
357126000
214182000
525019000
273436000
273422000
273438000
355968000
366747000
273431000
273458000
273459000
273435000
273445000
564810000
431501000
431301000
357491000
422654000
357944000
355937000
357095000
272874000
503321000
214111000
273311000
616407000
214180000
616311000
412204000
273442000
273422000
312881000
323095000
273435000
251432000
273318000
273318000
273341000
273341000
273441000
273340000
273431000
355588000
525017000
338578000
273455000
272251000
416005000
247072000
357567000
533000000
273314000
273137000
219001000
575000000
235071000
755999000
431502000
261007000
261007000
265605000
273353000
572156000
412402000
412077000
273350000
273318000
273450000
366769000
567062000
273450000
273444000
273447000
273345000
273431000
273425000
422046000
273446000
273422000
261001000
227005000
470846000
667064000
525019000
533002000
533479000
533000000
533000000
533000000
525019000
272879000
272879000
247232000
273370000
247291000
247266000
247318000
247236000
247291000
247244000
247178000
273445000
273345000
273344000
273360000
273341000
273344000
273444000
230988000
436000000
273432000
273440000
273343000
273380000
563007000
417222000
412704000
525070000
334007000
667005000
273428000
533000000
533000000
276449000
366922000
251484000
265634000
434116000
345050000
367486000
367114000
730151000
367510000
366744000
367302000
367595000
367391000
367412000
367095000
367154000
367595000
366756000
366899000
367573000
366899000
367582000
367582000
367480000
341909000
367146000
366761000
367574000
366755000
366756000
366755000
367534000
367412000
367464000
338454000
367533000
366899000
366899000
214180000
431602000
416900000
416900000
366892000
445068000
525019000
345020000
237026000
237008000
237107000
366999000
431502000
431502000
440412000
431602000
367537000
237114000
316011000
366816000
367595000
366812000
366850000
367575000
369514000
366798000
367310000
366970000
303466000
366817000
367152000
237004000
366467000
367139000
367149000
367193000
367546000
366851000
366830000
366984000
373920000
367043000
367154000
367168000
367072000
367337000
367364000
367379000
367441000
367008000
237359000
237038000
237352000
237358000
237026000
237035000
334358000
334228000
237358000
237016000
237325000
239994000
366915000
725001000
237021000
367933000
367853000
367075000
271009000
238115000
238108000
255986000
355660000
273313000
273310000
273353000
366859000
367448000
271003000
366919000
367513000
366983000
237352000
473111000
316227000
273445000
273447000
367572000
367310000
271011000
445326000
351351000
238078000
525017000
366858000
515366000
431502000
431602000
431502000
671452000
367537000
366872000
367594000
366867000
431502000
271003000
366984000
330111000
735058000
366852000
265583000
265608000
211362000
265564000
367475000
575000000
574998000
575000000
273440000
445223000
237563000
237593000
237454000
237605000
237622000
230112000
567064000
735023000
533001000
319820000
255901000
533000000
235100000
431502000
431502000
431502000
272069000
272069000
574605000
367424000
575000000
525019000
575000000
253032000
515574000
412352000
235057000
235054000
351598000
533001000
525023000
575000000
273435000
273441000
242087000
525012000
525012000
367047000
303260000
237038000
525017000
525017000
261001000
677034000
367017000
273450000
525019000
525019000
525019000
525011000
261007000
575000000
237752000
553112000
419016000
533000000
533000000
419019000
419019000
419019000
334411000
574013000
574013000
232956000
219005000
422770000
366893000
367146000
366886000
367595000
366993000
366893000
273435000
273311000
273312000
211212000
431502000
211243000
211215000
211237000
533000000
366948000
622122000
271010000
422515000
366924000
367611000
367094000
369808000
366994000
412454000
228156000
228166000
366950000
366991000
367124000
367595000
366921000
366984000
366988000
533000000
235079000
525017000
538080000
574794000
574157000
525019000
237039000
237683000
237584000
237103000
237184000
237449000
237816000
237010000
237035000
533000000
574843000
273420000
367019000
235066000
367018000
548351000
319061000
367016000
525019000
412456000
371435000
422545000
371385000
273434000
273435000
273435000
412271000
412425000
574876000
367038000
367048000
366239000
548457000
525009000
525009000
533000000
371761000
367379000
367367000
367560000
350106000
525015000
525017000
525002000
211247000
211247000
273457000
273312000
273444000
273311000
525019000
235056000
230035000
525002000
247140000
431502000
525002000
525005000
367069000
525001000
525019000
367026000
367037000
367012000
367033000
367021000
525015000
525015000
432659000
525001000
525019000
227008000
565270000
319731000
525015000
271040000
356733000
525019000
657165000
352313000
273353000
636014000
370676000
431100000
477744000
548572000
311040000
538090000
355576000
622177000
710287000
548545000
232004000
431601000
431601000
412271000
311077000
525015000
677033000
525011000
416251000
636014000
440321000
440415000
636014000
213985000
232001000
232004000
311015000
311015000
477436000
565087000
473111000
636014000
572341000
211298000
525020000
525015000
538005000
538005000
636014000
205361000
525013000
422046000
235061000
760001000
441881000
431401000
431601000
515176000
525014000
525017000
525002000
525015000
667009000
567011000
273353000
273350000
477879000
525020000
431401000
667300000
353692000
417222000
265547000
525008000
431600000
525006000
311050000
636010000
457900000
412704000
667005000
235074000
525020000
412204000
412409000
238117000
215844000
548592000
431601000
339000000
345200000
525023000
304011000
219538000
311064000
255803000
235097000
232003000
232003000
232002000
232002000
538004000
636013000
538005000
636014000
525020000
210836000
548436000
636090000
232001000
232001000
636010000
311045000
636010000
636010000
412082000
227001000
542132000
412461000
412461000
316001000
232004000
214182000
263603000
219019000
636014000
636013000
235058000
247029000
636014000
548344000
457421000
525020000
209184000
338893000
316001000
533755000
273321000
567052000
431601000
525024000
273340000
431401000
477313000
431501000
525009000
367060000
366899000
367349000
367349000
367349000
540000000
636014000
247046000
372522000
525012000
525020000
273357000
204600000
273354000
622169000
257365000
334610000
271044000
525014000
525020000
525017000
730043000
533000000
533001000
525025000
525008000
242142000
525009000
257147000
257023000
227004000
247176000
354013000
334583000
636013000
525025000
525136000
355436000
419001000
636091000
636010000
224309000
304011000
235019000
412471000
304874000
636010000
636010000
636090000
616999000
431301000
431601000
232001000
431149000
636013000
525006000
563002000
304011000
412702000
316001000
636011000
244630000
247216000
247216000
431401000
431401000
431501000
533014000
431100000
431100000
567054000
567050000
525020000
273328000
636014000
273557000
533000000
636013000
636013000
238191000
419063000
533041000
574077000
701007000
525001000
525017000
525025000
525025000
525005000
525012000
525025000
525020000
525025000
525015000
525012000
525019000
431200000
431501000
525017000
538004000
431501000
431501000
257016000
636010000
636010000
256025000
622115000
239638000
367052000
503531000
232003000
232004000
525017000
428015000
265586000
636013000
227003000
227003000
567059000
574275000
525011000
247049000
567061000
431601000
525023000
431601000
553111000
457900000
431401000
431301000
431301000
431300000
309769000
538005000
525015000
232003000
533000000
207346000
616204000
445254000
725002000
237332000
273314000
273315000
575000000
574996000
574001000
574677000
574754000
574539000
574694000
574594000
525019000
533000000
575000000
575000000
575000000
538080000
574899000
575000000
575000000
575000000
575000000
574898000
574873000
412679000
422681000
235012000
273311000
538080000
538070000
574827000
574841000
574817000
574819000
273313000
574579000
574657000
574664000
574641000
273341000
574781000
574596000
574597000
574770000
574787000
574774000
574769000
574743000
574776000
574748000
574744000
574013000
574711000
574718000
574704000
574706000
574719000
574712000
574013000
574532000
574013000
574551000
574554000
574559000
574530000
574570000
574618000
525019000
574013000
237113000
273445000
273444000
525015000
422393000
525019000
525019000
273442000
273313000
227001000
235004000
538080000
367421000
227006000
227007000
672293000
227008000
626901000
514580000
525015000
436000000
304309000
257244000
257266000
477634000
431401000
238219000
316001000
403211000
553111000
367595000
247128000
538005000
538005000
538005000
538005000
538005000
636009000
235004000
525019000
232003000
525015000
431300000
533180000
525015000
227017000
525005000
525005000
525005000
525005000
525005000
431301000
431301000
431301000
431700000
533001000
440651000
538005000
227003000
211226000
419098000
525005000
367361000
367598000
431401000
431101000
567054000
312736000
431501000
416403000
525015000
238400000
238117000
525015000
238958000
413355000
525002000
533001000
265527000
237067000
237067000
345060000
229563000
258911000
572641000
273423000
525013000
273359000
235005000
431100000
257124000
477881000
273357000
636010000
636010000
257030000
257052000
251181000
525017000
525017000
211207000
636013000
525023000
431501000
233171000
515956000
525019000
477632000
477608000
567052000
431400000
525009000
636011000
412523000
441143000
273148000
273418000
538004000
477401000
525005000
525020000
477401000
419094000
271044000
311047000
431602000
525017000
273318000
477634000
525005000
431601000
431401000
419001000
431581000
636010000
636010000
525015000
265502000
211298000
538002000
211209000
247059000
304011000
403702000
403702000
232003000
431200000
431101000
636090000
616999000
525015000
413448000
247120000
636011000
525015000
235002000
338882000
367170000
477631000
477609000
477244000
525003000
538005000
367431000
355539000
235012000
251521000
525011000
525017000
548112000
229644000
431401000
525017000
533020000
431501000
525003000
219001000
238112000
371067000
309032000
538004000
227002000
548394000
548398000
525015000
235102000
258670000
214182000
214182000
725002000
412122000
533131000
525020000
366608000
477560000
477613000
538005000
412461000
232004000
419097000
419097000
213009000
636013000
477191000
525011000
525011000
244660000
525019000
214182000
373762000
304011000
373945000
636014000
533000000
533000000
247160000
525020000
636014000
211208000
636091000
636091000
636091000
636091000
563008000
572686000
725020000
431400000
431502000
574159000
574116000
525025000
636011000
431400000
431301000
525020000
525018000
636091000
525003000
533039000
431101000
419001000
247394000
525021000
422008000
567052000
312733000
563004000
538005000
538005000
538005000
647731000
730080000
247055000
247054000
431400000
567055000
431400000
247037000
247051000
211374000
533261000
210795000
525018000
412702000
525019000
525015000
525001000
316001000
305942000
305839000
232004000
247164000
538004000
405000000
538005000
538006000
538006000
412321000
636010000
232001000
232001000
355771000
710072000
311045000
232002000
412461000
247122000
563454000
316014000
247107000
316001000
422037000
422025000
422036000
477036000
477743000
636011000
755010000
353660000
538004000
355472000
257208000
725015000
636013000
525024000
431600000
525014000
725017000
636013000
273890000
273897000
273892000
273412000
431500000
636014000
431300000
538001000
725001000
271010000
412866000
325574000
325573000
304011000
431400000
273350000
431100000
431301000
235075000
525005000
525007000
431400000
273357000
431400000
431301000
572545000
572690000
273357000
525012000
431500000
440405000
436000000
622120000
622122000
525013000
525013000
518369000
257288000
366889000
367136000
304011000
304011000
247120000
636091000
636091000
257364000
710074000
525025000
563004000
525013000
431500000
440182000
257470000
235032000
636010000
636014000
256197000
273316000
273318000
256198000
273317000
636091000
413014000
214181000
431500000
371126000
431400000
232004000
431400000
441545000
271009000
525009000
525005000
431400000
525017000
431300000
525020000
403130000
431400000
431100000
431400000
431300000
564797000
373450000
219003000
440138000
211233000
247319000
538002000
403704000
412461000
247216000
431100000
538005000
538005000
273820000
525023000
525012000
431092000
431100000
636091000
305974000
345030000
525019000
525019000
431501000
431501000
431700000
431800000
431101000
431500000
529717000
375693000
525005000
525018000
431500000
548295000
533004000
431400000
525017000
525015000
431301000
525012000
431301000
533001000
273360000
235004000
235004000
311021000
311020000
412077000
440154000
431200000
431500000
431400000
431400000
273325000
247061000
525005000
533131000
525004000
525004000
525009000
232002000
525020000
636091000
440122000
636090000
636090000
258335000
525025000
636091000
431199000
477766000
366725000
431500000
567059000
567041000
525009000
367342000
548578000
636010000
525018000
351885000
434112000
273413000
273419000
273414000
431500000
431400000
431400000
431100000
563002000
431500000
431100000
636091000
431600000
339000000
431500000
431300000
431300000
273357000
533020000
431400000
431400000
567054000
636091000
431100000
431300000
232002000
232002000
412461000
431300000
219007000
525019000
525015000
525023000
525023000
525023000
525023000
367138000
367138000
412439000
273446000
273447000
367200000
525019000
271003000
271011000
271003000
525019000
525019000
247035000
636011000
431602000
431600000
431600000
431600000
366767000
366767000
419095000
367318000
412461000
311378000
477440000
477440000
533131000
677026000
372488000
565912000
250108000
553111000
548260000
215092000
566888000
533991000
477613000
235060000
235550000
405000000
525020000
533665000
533000000
431500000
572377000
431400000
431400000
431501000
431400000
431500000
636014000
525020000
431400000
431602000
431500000
211209000
525019000
525019000
412650000
515569000
235102000
477560000
538005000
431400000
477208000
271010000
212134000
419091000
265603000
311008000
525015000
440404000
354954000
215115000
538005000
477354000
503320000
219001000
710009000
311572000
636010000
636010000
636011000
636011000
538002000
659001000
636010000
636010000
636010000
441513000
538004000
447004000
533268000
367800000
422026000
353781000
227026000
636014000
477690000
477760000
525020000
237040000
273846000
273332000
345110000
525024000
273843000
273459000
273817000
636091000
525015000
405000000
538005000
423361000
563003000
311010000
538002000
622121000
622121000
416900000
219574000
572452000
525003000
431500000
431500000
431101000
354409000
431400000
538002000
431400000
431500000
525019000
431400000
440125000
431300000
431600000
525002000
538004000
567059000
440154000
431400000
431500000
273360000
533978000
677001000
677037000
677001000
677001000
677001000
352354000
419001000
255803000
255803000
403703000
403703000
403701000
403701000
403702000
403701000
242091000
211222000
525006000
525021000
622135000
273422000
232003000
412869000
373989000
440544000
525021000
636010000
636010000
441887000
538004000
440401000
538002000
667023000
657427000
244262000
246308000
538004000
273846000
237008000
438031000
273359000
477342000
235019000
567056000
525013000
553111000
563008000
525018000
273353000
273311000
477760000
636014000
412878000
219001000
419015000
636013000
525023000
477464000
710004000
710074000
211217000
405000000
311049000
273353000
273418000
622121000
636010000
273150000
563002000
563002000
229750000
525021000
431600000
431600000
525006000
636014000
431100000
431300000
431500000
563003000
667005000
412471000
538005000
525023000
431300000
431500000
567062000
431300000
431400000
431600000
525009000
232002000
463033000
447013000
447012000
636014000
538002000
477040000
525003000
525013000
525013000
525012000
525011000
366922000
367068000
232003000
525019000
525019000
538002000
636011000
533000000
247097000
667005000
247179000
271044000
247112000
533000000
211221000
311046000
419078000
419094000
525019000
211224000
431600000
457900000
477080000
431500000
533055000
567055000
525015000
431600000
538004000
525020000
431500000
431100000
563004000
431614000
431400000
431200000
477744000
271044000
441079000
636010000
431300000
525017000
431400000
431300000
431500000
249071000
431502000
271010000
271010000
271010000
271010000
271010000
367582000
247317000
412471000
367124000
367163000
525019000
431502000
250001000
412414000
412695000
422423000
515019000
538080000
616999000
235033000
533001000
431602000
525019000
422421000
352628000
538070000
572426000
431502000
431502000
412422000
431602000
273430000
525015000
367138000
367593000
412431000
412302000
412302000
412302000
631802000
237799000
525015000
525003000
525019000
525096000
352648000
525015000
367155000
419078000
616737000
367170000
367192000
367307000
422587000
438038000
367302000
237002000
525019000
538080000
367325000
237101000
227010000
227001000
412523000
219012000
219012000
735058000
412457000
525015000
211220000
538002000
311077000
247094000
431602000
273332000
375772000
431500000
431695000
431602000
273563000
436000000
273891000
412461000
304011000
304011000
273562000
525014000
271011000
345110000
525005000
273814000
273812000
366978000
636010000
636010000
205378000
725019000
477120000
477394000
405000000
357148000
636091000
477680000
211223000
525005000
273446000
246454000
477388000
405000000
538005000
477441000
525017000
366943000
366943000
311389000
311388000
311375000
311391000
636091000
636091000
567050000
232414000
271010000
271010000
271010000
636013000
525005000
525005000
419001000
431300000
431100000
431500000
431600000
431100000
431400000
242885000
405000000
353145000
273410000
255854000
538004000
304011000
636010000
245593000
457900000
431400000
431600000
431800000
533170000
548234000
473769000
725001000
273417000
538005000
477592000
377274000
701006000
477004000
477195000
538004000
355719000
271044000
304011000
271044000
636014000
525025000
525025000
525025000
525004000
417222000
525013000
311028000
525005000
564799000
273319000
265514000
525019000
309346000
219001000
211224000
431200000
419001000
636010000
636010000
622121000
538004000
219001000
271044000
235012000
477280000
477241000
440329000
538090000
538090000
304011000
304011000
235041000
419074000
525005000
431100000
525021000
636091000
273343000
238215000
431500000
419078000
538004000
405000000
477745000
529623000
431300000
431500000
431400000
525017000
431800000
605246000
273423000
273447000
273442000
431400000
431500000
431100000
431100000
431400000
431500000
636010000
477178000
370442000
431600000
477003000
304011000
304011000
636010000
477190000
636010000
356294000
636093000
548136000
273457000
304011000
304011000
215509000
247192000
477257000
548437000
265547000
477264000
239732000
257134000
224103000
636014000
533046000
533046000
247232000
564778000
235089000
538005000
538005000
235004000
477120000
431800000
477424000
263700000
263700000
263700000
263700000
572415000
242127000
636091000
636091000
211223000
263600000
564001000
477800000
477881000
548664000
305157000
211227000
419092000
419092000
725006000
431400000
525012000
525017000
431500000
431400000
431500000
636013000
538002000
477640000
431800000
567059000
306809000
255804000
423041000
232002000
232002000
431500000
567062000
431600000
538005000
431200000
431600000
431500000
431601000
477892000
477601000
431300000
431500000
431300000
533001000
235097000
304011000
304011000
710102000
725006000
538004000
538004000
419001000
538004000
538001000
325586000
477030000
477631000
477030000
477833000
477030000
477632000
636011000
525025000
304011000
232003000
477195000
253255000
259762000
259764000
368335000
345010000
232003000
553111000
431300000
431300000
271019000
271019000
271011000
368360000
636093000
760001000
538090000
636014000
538001000
525013000
405000000
405000000
525025000
366505000
367456000
431500000
525024000
431600000
525012000
533180000
440329000
233833000
431301000
431500000
355735000
431100000
431300000
525007000
525007000
235087000
235097000
235097000
235087000
540010000
235097000
477999000
211230000
525020000
525018000
431100000
431728000
431100000
431400000
572487000
636014000
538004000
515829000
538005000
309526000
477221000
235075000
273436000
636014000
255805000
605266000
305673000
239239000
636014000
636014000
538002000
273435000
553111000
235102000
636014000
236236000
238113000
636090000
242123000
636091000
416408000
636091000
431100000
538002000
525015000
636091000
636091000
538005000
636014000
412354000
229749000
229754000
229755000
235094000
538002000
412461000
227004000
553112000
477044000
311073000
259797000
538004000
565421000
211249000
563140000
636013000
538005000
548399000
636091000
525015000
211234000
305790000
538005000
538005000
603805000
538004000
366694000
572625000
636091000
563897000
440146000
477561000
431400000
431600000
431400000
431400000
431500000
431500000
525020000
431600000
211819000
412461000
525005000
525005000
211225000
211229000
419001000
431200000
431400000
431500000
525003000
431400000
431400000
431400000
431300000
565883000
574187000
265514000
304011000
304011000
304011000
311070000
311898000
572255000
525017000
538004000
305934000
305935000
304011000
304011000
304011000
366979000
367474000
477244000
477766000
239363000
211234000
235078000
235080000
367063000
563002000
273431000
636090000
235083000
230110000
308516000
308457000
416004000
533131000
375807000
563957000
538005000
304011000
538005000
622121000
538006000
636014000
518856000
311011000
372948000
232003000
232003000
232003000
477691000
477691000
353121000
538090000
538090000
538090000
538090000
316163000
622111000
538090000
538090000
538090000
538090000
538005000
636014000
563388000
525025000
525025000
357539000
477744000
247119000
247119000
354041000
354784000
304011000
255790000
431603000
355473000
576414000
419001000
431401000
431300000
477352000
211245000
564008000
564009000
622122000
667005000
232003000
232003000
477017000
431600000
219001000
538005000
538002000
636091000
304011000
304011000
304011000
304051000
304051000
273814000
671364000
438035000
247594000
538002000
235083000
538004000
636091000
636091000
235065000
440064000
211245000
525025000
441123000
503331000
255802000
255802000
255802000
366991000
367062000
366922000
366922000
367094000
367094000
367515000
366005000
366744000
367124000
273332000
636011000
538005000
431400000
431300000
477994000
431400000
525004000
431600000
431500000
636091000
431500000
431500000
431500000
405000000
636014000
525020000
525020000
235071000
273328000
273327000
273344000
259803000
259821000
259802000
304011000
636011000
215215000
538005000
224830000
563007000
211238000
477986000
416004000
431500000
563939000
431401000
431500000
431500000
616978000
237837000
538090000
636093000
477464000
538090000
538005000
419001000
677001000
636013000
229607000
567061000
538002000
431200000
431300000
431401000
477744000
431601000
431836000
356539000
525004000
477066000
431600000
431200000
538001000
553111000
636091000
563797000
277098000
214182000
248156000
636091000
636091000
636090000
247062000
247187000
244439000
305435000
553111000
312569000
525009000
431300000
431401000
235080000
431502000
431100000
431100000
431600000
271040000
538004000
477898000
431400000
316001000
616999000
305918000
367074000
366750000
366759000
215601000
273552000
273550000
353037000
356626000
564274000
351522000
477744000
533000000
304011000
339400000
636014000
255805000
316021000
538090000
538090000
211284000
636093000
235085000
636093000
477962000
477833000
227002000
304011000
211244000
232004000
235086000
477840000
375671000
622120000
622120000
636091000
304011000
316015000
211257000
211256000
725001000
538090000
525005000
525005000
367403000
367404000
367403000
312271000
366888000
366888000
219001000
735059000
538004000
477258000
525005000
477388000
627084000
642136000
431500000
417222000
563007000
574001000
356970000
431500000
431834000
232003000
355060000
357271000
622113000
211236000
232003000
477133000
431100000
642137000
211260000
211263000
636093000
211264000
351174000
354661000
305434000
304011000
304011000
259744000
525015000
548464000
548486000
548006000
232003000
232003000
636091000
636091000
211275000
229366000
356124000
431601000
636013000
431100000
431401000
431100000
357452000
311045000
306554000
273350000
419056000
466501000
466501000
466501000
525019000
605267000
538004000
477195000
525007000
574197000
525007000
232003000
219366000
211262000
211262000
211263000
273332000
538005000
538005000
636014000
538005000
636091000
431200000
735058000
312987000
725001000
211268000
636014000
636014000
538005000
232003000
232003000
538090000
538090000
760001000
525015000
636014000
477203000
316023000
525003000
305803000
366989000
366989000
247107000
316008000
235426000
235642000
405000000
636013000
367366000
636091000
553112000
239293000
477598000
477109000
431401000
431300000
431500000
63